10.675262448169395
7.072911518174285
5.175385066942049
3.9001994567057268
2.989660333333463
2.153000023419213
2.0358121039395836
1.7538238575943899
1.5111091596994917
1.3689572905085634
1.297614899104742
1.121302153590908
0.9950630060906829
0.929963692025176
0.8467880691610392
0.8413982836589913
0.7951434052195893
0.739826243356505
0.7232362953515792
0.7021806937468529
0.6361285956751159
0.5879785420392658
0.5786042160561108
0.5146042502197684
0.4876905094002707
0.468601602177098
0.46319776150548037
0.42907183025791223
0.4070248702916535
0.3973478672928023
0.3880021978006939
0.38386207725020316
0.3499595980043077
0.34406109360015347
0.3366263348846252
0.32386438095161985
0.31199711602336194
0.3044852122466884
0.2967094681919341
0.2952338848413993
0.2893992541463425
0.2735609906918487
0.2675318255983815
0.25821785332484515
0.24810980220507856
0.24387251329660362
0.23963611411126853
0.23557299748369648
0.23228131733460067
0.2224513822444678
0.22083414552645703
0.21575609993907177
0.20778817990455672
0.20447569068617263
0.20182353691910238
0.19670060470382955
0.19196519816289884
0.1880744981755508
0.186656969770846
0.18156507139088882
0.17864382955725805
0.1751273473024871
0.17447566131050468
0.17198168768845387
0.16915430226293898
0.16560296189505336
0.16472646834080829
0.160994442873419
0.15752216626979207
0.1561388994151367
0.1520985404701507
0.1489849792715383
0.1479458134579354
0.1470674290357094
0.14459178389523358
0.14206744991458492
0.14176225589176397
0.13923595737002187
0.13725304999529686
0.13589060886573984
0.1345702031238536
0.13277466958024042
0.13072962542418834
0.1283779191799453
0.1269272029547867
0.1263735527178927
0.12408093478394361
0.12340615725563181
0.12280300995153808
0.12057723340333229
0.12007060146739458
0.11652517331060291
0.11559473014229989
0.11457948994820376
0.11414088854916159
0.1129113565019059
0.1121723064113846
0.10932658000374292
0.10890690473111664
0.1081462645219426
0.10705176774820399
0.10634853066388553
0.10466583963827114
0.1032470555236126
0.10175975221158627
0.10086935902362179
0.1002956626111026
0.09951013431907565
0.09928675810097017
0.09749083802160993
0.09669004069683676
0.09583992073394562
0.09473003051681025
0.09356577176743218
0.09219331009506143
0.09190498901948103
0.09097627788577788
0.0896732572760017
0.08888700649879737
0.08763504193870536
0.08726212451039969
0.08714836641057387
0.08591658663259084
0.08485449173976985
0.08404464300021666
0.08326122125458504
0.082825094897145
0.08179612122529412
0.08150856069946702
0.0803358613224141
0.08017851268642405
0.07917683501868501
0.07879727341394106
0.07814123410411097
0.078065897793455
0.07771459075753848
0.07736760611761603
0.07705746128542783
0.07566536944762618
0.07509186685097932
0.07493251173737016
0.07368276833917296
0.07343760688806651
0.07270602071762042
0.07223056892536406
0.07188728772768087
0.07102894292228051
0.0707425709572983
0.06988264010858183
0.06890035853773413
0.06852446735424052
0.0680549878268007
0.06779234814128156
0.06753069323065339
0.06710877396223275
0.06690258019948818
0.06637230424330813
0.06581169860649448
0.06548314764146419
0.06484450646380324
0.06427385175316988
0.06372692052829365
0.06362094606198598
0.06307685322731067
0.06258220870172829
0.061952562529719125
0.06161918456528593
0.06138998991557522
0.060944341934807696
0.06080036774559865
0.06023601865554801
0.05973832656165556
0.059626276877602545
0.059036797793539174
0.05856828314339117
0.05842693773009949
0.057949658567325306
0.057736629308521664
0.05751028321398371
0.056886708947334816
0.056495247015494306
0.05625045322900013
0.05582196209200602
0.055500549045187454
0.0553162764728349
0.054703684473366786
0.054423707585938105
0.05423753160833976
0.053962177248537
0.053801630675460704
0.05348560060736579
0.05276624286422005
0.05235855737589818
0.052229762649750495
0.05201144792273202
0.05173010113947956
0.05149728512187241
0.051119858231322944
0.050962720484502934
0.0505861393115602
0.0502289493147745
0.04998719831638841
0.04982864611396895
0.04928638689157546
0.04911362965743717
0.04868422336616227
0.04836454145805237
0.04822672401255056
0.0479923882153935
0.04775405781806015
0.04742460565546012
0.04720366900986126
0.047047515622106774
0.04651691622910396
0.04596728536488882
0.04581319916509583
0.045685052974019175
0.045469992700319053
0.04524498361647201
0.04503288668096858
0.044753757805279536
0.04469421197878774
0.04451656181144208
0.04440285240215743
0.04374602638612157
0.043685510302063135
0.04335862376736996
0.042961028204574904
0.04273760598521738
0.04252624242050435
0.04241708757160278
0.04226290302345438
0.042077975988877685
0.041861841286223535
0.041697988836996325
0.04156599365076947
0.041393382026581535
0.04122095061745196
0.04113981285697936
0.04092768982115453
0.04070849120341146
0.040192608831268156
0.040059123508468894
0.03985850999655335
0.03976303543846228
0.03943979449320364
0.03921743986220094
0.039130051263399364
0.03901393557543578
0.03891834469601258
0.03844626000535028
0.038257079009077155
0.03818418325356024
0.03785591624779546
0.03762818082324363
0.0374180486973891
0.03724800073719566
0.03695488491999787
0.036776956459968785
0.036627318174227964
0.036608416937065374
0.03639432432705532
0.03601653691802224
0.03587043267461875
0.03578534420297131
0.035632353528424594
0.03549695301591039
0.0353946699525464
0.035296540559817964
0.035183909136807134
0.03494862862355828
0.03466691578750578
0.03455489699944036
0.03433775436858416
0.034280509231558114
0.03413850061484362
0.033897373626750354
0.03368302809020347
0.033555354199379134
0.03347289444130652
0.03340378816566866
0.033145348103986665
0.03298629908622002
0.032887724887965264
0.03282119316803695
0.03271050852445272
0.03254751889762058
0.03233501395464595
0.032320644913693936
0.032065389569328986
0.0320027893636658
0.031831398855431396
0.03175565073912319
0.031542728557487125
0.031358762557489324
0.03128680018170349
0.031066506981813197
0.03090302446732595
0.03072443009779369
0.0306564974455495
0.030476742407860687
0.0303569210731746
0.030288895903715855
0.030220082651024653
0.03002232100474295
0.029977581770351713
0.029753788667510047
0.029723429820112324
0.029673832981612976
0.029592114537515417
0.029451352275873793
0.029348088852411698
0.029031307732361192
0.028981330537043052
0.028890507541888842
0.028697014414060775
0.028535313201976296
0.02844776368977687
0.028302641182755738
0.028256816514573336
0.028084280163194475
0.027938015995776295
0.02782804160063992
0.02777658843647608
0.027712866795204183
0.027641334410378554
0.027403384214752656
0.027322426893247986
0.027266458064165083
0.02713400010410702
0.026933659476734564
0.026879296139926286
0.026710429775963745
0.02658241823580765
0.02647055434149812
0.026386394475196265
0.026343476239119038
0.026204668109635936
0.026055109091996848
0.025857440317805982
0.025798014243203868
0.025746059793657135
0.025547841967469252
0.02547403573439115
0.025389167519213912
0.02530581354531171
0.0252552460872102
0.025117507017952234
0.025041417901447125
0.02492185051252312
0.024780574875196845
0.024761493205620017
0.02470061449793658
0.024588684817847487
0.024449557058175992
0.024379559791816944
0.02433620162878584
0.024127007647453767
0.024085782412969756
0.023998268109377132
0.023916586902851915
0.023688139056406265
0.02356607568276611
0.023448839147543945
0.023433910663071728
0.023286839047770923
0.02319976955923341
0.023156418335766548
0.023029007760284555
0.02293792724963149
0.02282814803745801
0.022720923706244588
0.02261063371965193
0.02258643654947845
0.022415214045503763
0.02232116888617475
0.02230057503459894
0.022117528232597095
0.0220325678098991
0.02198457811635297
0.02191559470905822
0.021876754343443536
0.021806137171797257
0.021706215711363105
0.02164798573540516
0.021463409835490888
0.02141344156426425
0.021365791928071923
0.0212585737252414
0.021175389202535193
0.021014913238297763
0.02096729012602838
0.02092279323117483
0.020782233795206127
0.020750017518465322
0.020688554560601733
0.020485800798254857
0.020470456782093378
0.020354679322321243
0.020300204180341338
0.020227849788678778
0.020173232220171592
0.02005469851603715
0.02002973501955503
0.019831391235926824
0.019784716555085884
0.019636086827823477
0.01960322390433362
0.01949979069560685
0.01935011145130635
0.01931827832129069
0.01922011705985911
0.019116031767102255
0.01904650141396248
0.01897111463723023
0.01885096404346134
0.018785288370133796
0.018670016301215116
0.018597557642325614
0.018517939903121505
0.01843261706131012
0.01834632134461004
0.01823866063903645
0.018151512939168984
0.01803162364222773
0.017942210207895513
0.017887892869356378
0.017796154825018024
0.017765904278122666
0.01766629174913158
0.01753502618179397
0.017485078967032438
0.01735327697853742
0.017176214816156925
0.01716283615055954
0.017131685940801465
0.01707415811199388
0.016945249377636543
0.016848630944303174
0.016732888962694602
0.016596675380780045
0.016521368518498742
0.01635870971655136
0.016305083295465365
0.016282563065478477
0.016045274828924268
0.016026659224404556
0.015913177676944997
0.015720497460152257
0.015437460224950175
0.015313044118800112
0.015252242097892327
0.01498676370833912
0.014948977208227653
0.014828738244436913
0.013832543373758135
1.192310869545842e-15
