12.420405933743488
7.534341929202033
5.286909263490881
4.17264043781629
2.8911881668081683
2.32607335219735
2.1076688959946357
1.7687005756479743
1.623132284816583
1.4369654475169225
1.3003780256120834
1.186838285238365
1.1395925628356756
0.9942439776183032
0.9572461868093807
0.9305223176510499
0.7535638078471187
0.7341847067751603
0.689984448233973
0.6652362902991451
0.6586990591398175
0.6047048529197636
0.5494404045918483
0.5421208325527287
0.5254689720229049
0.4988522633089575
0.47527855181837203
0.4524842149370763
0.4422862851022262
0.4034807362082554
0.38878692170203083
0.37489261048372674
0.3628812708962651
0.34652470976471483
0.32478764134727917
0.31689870682344884
0.3063036181263528
0.3046013227404595
0.28576747997643764
0.27387511371201134
0.26850756890933153
0.25854019859223054
0.2556428350825918
0.24981316413981958
0.24679980679792557
0.24152156455317292
0.2369374567035234
0.23050538748549884
0.22460158637601388
0.2218652846575388
0.21921607788994277
0.2134215252918746
0.2101819051189691
0.20807217460435964
0.20344461579935585
0.19537310271783945
0.19061477620867878
0.1886636739265615
0.1867693978256253
0.18329552491580525
0.1797950545360086
0.17373605862659888
0.1670021372597176
0.16678226452492217
0.16541371649129374
0.16446178796823338
0.16156756967950087
0.15869526273144377
0.15447413432865104
0.1534618201286351
0.1530180909353988
0.15095789211541052
0.1485455756440422
0.14507528648243367
0.14447081611511925
0.14267567324158226
0.13950924617162894
0.13769333987290824
0.13722124693361737
0.1358537884582093
0.13277781083921478
0.13058360729321658
0.1281832205708358
0.12739377842040797
0.1252644589518538
0.1230037266571542
0.12268614613375634
0.12137336187700945
0.12085655612023682
0.11960760812271026
0.11791119645271576
0.11595162075355274
0.11483553423818302
0.11388442825321173
0.11191010678995193
0.11144605675779848
0.1101055742467397
0.10972122008385204
0.10863615048356999
0.10647805934870472
0.10567595408928467
0.10368770588373245
0.10280651185885994
0.10180373165738216
0.10007500646870346
0.09934034587042283
0.09828224244383539
0.09715249356691014
0.09617485903095208
0.09432087187235211
0.09410376717668717
0.09297292842273899
0.09235760619950081
0.09156785666556423
0.0905648962433084
0.08998647735442725
0.08969697036835952
0.08878470880196115
0.08832746727576331
0.08751905222459821
0.08726034448833973
0.08676329049039114
0.08544212391479744
0.08490076675463624
0.08314483355076796
0.08220408518973507
0.08164879636296034
0.0807440894292067
0.07982962182071858
0.07917942919643012
0.07888630875237464
0.07767410794212999
0.07709587107702602
0.07670067345628576
0.07644676961470215
0.07616528507177409
0.07527257928647592
0.07432798776955393
0.073985516493675
0.07344918035328403
0.07326201463396037
0.07284407839929773
0.07248574031731427
0.0721527031631262
0.0714647624495528
0.07103729489403204
0.07038607276711432
0.07029210154940987
0.06951867122739999
0.06889834893961906
0.06799286966937872
0.06764434955911464
0.06696985472829538
0.06650177864771803
0.06636482681249782
0.06578332809836997
0.0655633171307409
0.06472496432275042
0.06420988211896196
0.06407085624370946
0.06360078407286583
0.06348210873378216
0.06258103790140801
0.062255383660201995
0.061232499909896675
0.06101784809831925
0.060913652588290686
0.06044807550692821
0.060179456923332604
0.0599592045081915
0.059234191181956074
0.05894153068914412
0.05858184244004791
0.058201392037982115
0.05775422066721673
0.05706232283597993
0.05685535005921393
0.056519587586077405
0.056289439567533746
0.05604713506881801
0.055587849810209956
0.05536095688314521
0.05519088833289893
0.05456629655902835
0.054102983172801856
0.05365118929229591
0.05319145813514092
0.052752019582271485
0.0523246290302248
0.052183813007015675
0.051992292574039714
0.0518386155955474
0.05154740095766277
0.05115535855238827
0.050863185272711046
0.05042001856478918
0.05002402445376161
0.04988929749856613
0.0493265975712546
0.04901018322810819
0.04878779988475321
0.04850533389888403
0.04837966657333877
0.04771345290081945
0.047603114264791045
0.047377047813419414
0.04696000515698495
0.04671017766213901
0.04648055173778694
0.04616552724649128
0.0459475747454487
0.045885803570593166
0.04552048253343745
0.045442354737607424
0.045049520988075194
0.04485893357340279
0.04469575852734182
0.04460431982471115
0.044301757262831185
0.0440777438730811
0.04354863266013739
0.04343829893881124
0.04322109721369096
0.0430663531311899
0.042820836140430814
0.042613500536857404
0.042168168841748184
0.0418094870706967
0.04163279399205392
0.04146218239385316
0.04120318488637593
0.040962365291862556
0.040816576103814554
0.040490280495691935
0.04044360782577189
0.040359767403984254
0.040130513468244
0.03976427131481552
0.03964266110947466
0.03926631625442587
0.03917123823006634
0.038910088223258074
0.03871971107818511
0.038552068602517045
0.03829973351732074
0.0378456200164806
0.03765222735124367
0.03757710151748028
0.03719504817286378
0.03709690657094583
0.0368693683474636
0.03673564107501768
0.036513932123715856
0.03648742732037412
0.03616125317141177
0.03608230824313324
0.035703086901335425
0.03561357934838347
0.03535928071822343
0.03516648996522421
0.03503323990657772
0.03495220416253809
0.03476116014630713
0.03462535041912894
0.034387924913106695
0.034322142704835995
0.03424153412234545
0.03385034961048822
0.03372545671287934
0.03370945519950537
0.03346761607133988
0.03311549050002752
0.0329809982393667
0.03296653087012848
0.032616600091045986
0.03241197652274392
0.032382386829463546
0.032174124950562315
0.03205155930991359
0.0318596659538634
0.03171355396615472
0.031616222815776016
0.031374226460682046
0.03128105746462541
0.0309935397124581
0.03089518762194285
0.030772283497320037
0.030468203078911526
0.030360054839034523
0.030079174993262757
0.029953322716942916
0.029888999814702576
0.029676831259051527
0.02953715311859983
0.029478111952245107
0.029336639148702208
0.02918608598088719
0.028969982389956406
0.028775723284278444
0.028650047114429162
0.0285809882051922
0.028560464066960188
0.02838789148191406
0.028246221427692585
0.028043804012816167
0.027931123395200354
0.027797200525387172
0.02773366666873563
0.02753063337660293
0.02744053847364479
0.027210251067625608
0.027197295185704556
0.027141126924447534
0.02695993892311152
0.026769764523111157
0.026671563870552875
0.026602364359045658
0.026272619850474764
0.026121508687050918
0.025996051812014052
0.02584005446282974
0.025703712026585623
0.02557267797182152
0.025530590742561938
0.02540675948606371
0.025393751225336898
0.02532464658264562
0.02504506721961783
0.024956335664236187
0.02482005259782649
0.024791577208242994
0.024619755224061828
0.024493519101069873
0.024444098837174875
0.024243421053430043
0.024151114898403638
0.024093239275222948
0.023914789637259674
0.023710312261760874
0.023688776351439456
0.023405704327302608
0.023383362013788097
0.023326496813111084
0.023197696118229444
0.022965525801510477
0.022896777017892955
0.022887924203386388
0.02280232653149278
0.02261438364829434
0.022451586411523856
0.022356169246156226
0.022268947232615677
0.022148212139441424
0.021944782469747036
0.021750094941758596
0.021674446536271912
0.021493753567306748
0.021388895979653624
0.021308519985298705
0.02122729276660936
0.021062654941920993
0.02096811096825185
0.020930857126405633
0.020636899824614998
0.020619283686408474
0.02057139988761128
0.020460040801380308
0.020320301461987912
0.020124676937440293
0.020109299669848833
0.01973846565718533
0.01968488053577972
0.01960175580409479
0.01942453385290083
0.019299582398609048
0.01913754746957419
0.018900774182291153
0.0188130317559814
0.018690437278838748
0.018510121744916244
0.01837002248570595
0.01835378064817301
0.018163811771372697
0.017927176533921313
0.017789392394382302
0.017550758239991363
0.0174849515203087
0.017244952978397773
0.01708610219907411
0.01686912910984062
1.515988997992789e-15
