14.526108672957085
6.840641387201026
4.678341606661144
3.8785930799422004
2.8861346134313193
2.2079565080263857
2.087545149724834
1.672199770466793
1.4537972116941111
1.3726438204100184
1.2915147658807205
1.1656429724318236
1.0327916652940032
0.9080086061111112
0.892711908377109
0.8427818544771472
0.8192217852728739
0.7770062416575992
0.7349662200341975
0.688657135530949
0.6202139322916459
0.6135203274981922
0.564342446398741
0.5368990540395872
0.5030365158346289
0.49204098474312974
0.46375038658933554
0.44573562670794803
0.4169532214790297
0.40835964850952977
0.3987164780730346
0.38636178748644573
0.3728376379803831
0.35620821875208486
0.3454731390932824
0.31425106038530254
0.30919578651326357
0.30153966625395245
0.29159271434493067
0.2849704817545954
0.27903660007568837
0.26528441349745485
0.26121362384729074
0.25555523491419463
0.24923943298046666
0.24087986533154104
0.2368136335841764
0.23101929057136114
0.2221742252707359
0.21769949405434688
0.2149019515201681
0.21371436350167222
0.2058540833607826
0.20082185813493625
0.1959398549994519
0.1905403428456147
0.18956576265066233
0.1819645375016964
0.1789427008957625
0.17790914040109543
0.1750016433377487
0.17224936228306598
0.16593059059709084
0.16357318879857538
0.16221043039400368
0.159357676135938
0.15745287552742995
0.1564938866908946
0.1556055224501008
0.1534102527037333
0.15001753995428171
0.1470797869315601
0.14600000752898612
0.1427373381331269
0.1422877480952279
0.13912774199281325
0.1367498097153165
0.1365105841460754
0.13204249914201996
0.13152083254667332
0.12941989514926414
0.12841271737790777
0.12716935061691567
0.1257514740926794
0.12251914926167212
0.12136599116792324
0.12082731036261725
0.11939396169804004
0.1174860882725456
0.11565097956335103
0.1154113412924709
0.11368482794097796
0.11199807438891243
0.11151783456218639
0.10959083810498361
0.10808145194545796
0.10771822421795538
0.10699555176372369
0.10521984302114287
0.10442480456839551
0.10329241850493764
0.10214438400534485
0.10123688360882814
0.10034804014833333
0.09971826129121451
0.09943389421242635
0.0985060114669113
0.09714335185935323
0.09581578919569235
0.09539149368816474
0.09355519386708569
0.09257757848429937
0.09191579479274574
0.09141402102367033
0.0902186370820343
0.0893120775201477
0.08865244026299848
0.08777942510791101
0.08724250766985031
0.08654361244869613
0.08559159336927208
0.08522657994813453
0.08491909984932826
0.08419919473846477
0.0833656612114454
0.08279666662189175
0.08169307808234953
0.08115270614760113
0.08044723625309233
0.08008641140551204
0.07978762608784593
0.07824459870201618
0.07771087418372005
0.07722211484661244
0.07640076309693826
0.07584851020111764
0.07538047140801209
0.0752028913105303
0.07409621911676045
0.07404263976115896
0.07370133611514192
0.07327244826000054
0.07214330727144314
0.07151345810304881
0.07068689130211249
0.0700647287639501
0.06959113675753321
0.06943389114388178
0.0689260993528063
0.06872006606075677
0.06825175812907697
0.06796033565050194
0.0677551664121704
0.06686947516805157
0.06645817485726493
0.06599697152765734
0.0656630119037122
0.06523150600602026
0.06486310296396365
0.06464419213390976
0.06422236258089609
0.06380535444331056
0.06344359236421072
0.06308856143650844
0.06260875793790789
0.062477495940327005
0.06208775546988775
0.06110139753382474
0.06106220516768312
0.0609296819657025
0.060040156495287954
0.0598978140828052
0.059601074198970726
0.05919577893403242
0.05896707407744467
0.05846165065597281
0.05793510312285233
0.05770433969995863
0.057694201944931515
0.056906705660010375
0.0567809485267838
0.05639304974464532
0.05633453427977172
0.05578094866705469
0.05557573738257492
0.055242605235229364
0.05512193761784117
0.054769056222186537
0.05440722803415777
0.05410673346125654
0.05359139002988086
0.05337297840216672
0.05319504180364004
0.05304338232104589
0.05291281004877278
0.05263524356065256
0.052253118711528226
0.052004192125685765
0.05156141730788062
0.051358042346192435
0.05121352882889376
0.05085845150962244
0.05067918931517133
0.05046747596915578
0.050158457511510705
0.05001023586179333
0.049666949473061904
0.04957010804441858
0.04905167563780173
0.04862874800932341
0.048568765795106585
0.048332055572062244
0.04811025581657915
0.04778590847621911
0.04763500164710957
0.0474574576805024
0.04722661174673526
0.04694943926950164
0.046719197880612094
0.04635063583020358
0.04611090194767079
0.046022247675242836
0.045701969960932516
0.04560791414301396
0.04518889171204348
0.045000775164355335
0.044972848797001246
0.04484694638754529
0.04451960153851138
0.04433135904735689
0.04413923426570213
0.0438401557256859
0.04366847732646212
0.043579947910241036
0.043302741952584566
0.04300406676371167
0.04291805707160159
0.04252346439072698
0.042492449129660964
0.04226953832333127
0.042191528416586084
0.04195744770871067
0.04167473274048744
0.04159057071046428
0.041500342541386154
0.04127348566821403
0.04118644618754998
0.04068980364104408
0.04059558995978575
0.040440829922901836
0.040271916003972
0.04012260000410308
0.040023870173907676
0.03977586616939322
0.039732457184745947
0.03950205694756702
0.03916652936140917
0.03900746466257316
0.03884318627745812
0.03872740722464611
0.03864474937436085
0.038472345613112975
0.038306182945018794
0.03828290893491465
0.03802646267859265
0.037808048514503804
0.03775177123136912
0.03746659997030073
0.03737528456902305
0.037271968590481645
0.03712049226361406
0.03697178035671499
0.036844492087634975
0.03657472606746932
0.03651008175151581
0.036391631727370144
0.03615664607482776
0.03611621337288615
0.036012083553673344
0.03569527636882864
0.03555511030041862
0.035490055202649355
0.03530374171219672
0.035210338473244805
0.03499100503267203
0.03495295609978778
0.03474726517413824
0.0347115372829672
0.03456373264718576
0.03446867321516177
0.03436873076185869
0.034190770914502094
0.03401631633016722
0.03396284786451874
0.03379553761501315
0.03370988109776221
0.03347202201736835
0.03336060788429463
0.0332098067943281
0.0330294671743344
0.032929501454254315
0.03273959160287228
0.0326843271583113
0.03250969330744203
0.032465369889638176
0.03229044745400621
0.03223975291709096
0.03218838494635929
0.0320447006571058
0.031879876836436345
0.03173937015238854
0.031603896117724815
0.03142976537450308
0.031335897896665334
0.0312529682735021
0.03115618278858167
0.031105454901679663
0.03095895533575949
0.030820621186885087
0.030598182182593754
0.03057828401825681
0.030454116440991427
0.030419626314980727
0.030272842477170405
0.030165850464170547
0.030017271668903174
0.029928597308763277
0.029849618892316965
0.029621752405955493
0.029547268711202685
0.029471495587349555
0.029386615889435155
0.02932196919886213
0.029128284448739477
0.029061544260713168
0.028950138156419638
0.028934276966775325
0.02887235536498363
0.02873572566246487
0.028647561975158286
0.02853200454933869
0.028491405176968077
0.028427044478096707
0.028331333774253505
0.028101209043723083
0.028001330844402136
0.027973196745850266
0.02789042324269766
0.027752777302722985
0.027727285529198988
0.027578416499610535
0.027404925581814583
0.027398509175950853
0.027297438675379947
0.027274477592623306
0.027155678584844384
0.027058585574277014
0.02702853481023378
0.026952748470479078
0.026858622226509206
0.02678926674696603
0.026649215684395967
0.02661872686191376
0.0264906620742489
0.026454435707541708
0.02630192425495556
0.0262466946444463
0.026132837381681213
0.02607985328785093
0.02599996452569186
0.02585416916541368
0.02581180730574433
0.02570843622909702
0.02569081677479679
0.025606767091864952
0.025455600027838823
0.025405161339821875
0.025375118226643446
0.025308281933048554
0.02512169646941573
0.02507257098983506
0.024975442880849165
0.02491958745246524
0.024875459689816474
0.02478415548385935
0.024748281627454443
0.024634967391290872
0.024552443109560344
0.0244251340684431
0.024417189242374078
0.02433498096490362
0.024293537224223737
0.024259999708809793
0.02421292430624959
0.024126770945144465
0.024031396143109725
0.023931932952426006
0.023919914541126963
0.023877835549725793
0.023758622879994758
0.023615511727808656
0.023587777326854693
0.023472873482602
0.023396637581461262
0.02336476891981464
0.023289080255250758
0.0232144957028072
0.02312391615487286
0.023104478848123895
0.02301466878687424
0.022943206014996657
0.022896726061709515
0.02284253207823673
0.02278109158185905
0.022706650717018825
0.022641021319260133
0.02259110180051884
0.022562439906440225
0.022476303272551595
0.022416858214578103
0.02235331049876496
0.022255406537223184
0.022218100440277527
0.02215422943007642
0.022122726414603767
0.02199972225686761
0.02194843462673549
0.021916089441602598
0.02189528994258037
0.021809728785442243
0.021715739736896174
0.021696694677717555
0.021561960452781186
0.021528901598458088
0.021476957092826484
0.02139782720079158
0.021356737945281142
0.02130657498182934
0.0211749091413019
0.021171513082344377
0.02111627201354162
0.021092279105903004
0.021019747553895865
0.02096316062545365
0.020909078736837363
0.02080111478377471
0.02075472957986633
0.020738866846905374
0.020691450478945866
0.02059140904444119
0.020550100546635794
0.020438081253774835
0.020357208654330022
0.020329917778100084
0.020306384737116205
0.020273924871906563
0.020233383233993683
0.020180353295760026
0.020091447351259676
0.020039317936286907
0.020022192220979652
0.019930508553056978
0.019900270181265934
0.019840649456718318
0.019739414660038517
0.019716007756594434
0.019665468170187123
0.01960544014696438
0.019507918648822835
0.019456838973554047
0.01944128035820369
0.019410206804214788
0.019320280275533067
0.019281275948147897
0.019240930668500175
0.019218154100289056
0.019164702430336245
0.019106643105569285
0.019075604610355585
0.019037131512841976
0.018946308560294937
0.01887142134378923
0.018812782531200563
0.018785159929156404
0.018738245149629924
0.018690428093000762
0.018643146978453085
0.018634311918862015
0.01858639458574397
0.01850668593841214
0.018469156383629715
0.018433604164122944
0.01835563630345431
0.018311813042237498
0.018250477167741034
0.018188889058441012
0.018119356024656794
0.018103019377821914
0.018078655250427643
0.01802321428892553
0.01797563837656376
0.01793069767199456
0.017855030314669913
0.017819543179982487
0.01781269020398368
0.017726539657567878
0.01766439343842298
0.017581756305317366
0.017564004135408744
0.0175241705970964
0.01749385756350427
0.0174360309239855
0.017374493673551424
0.01733384561855563
0.01729812032377794
0.017258394389393954
0.017226702501064634
0.01716131631188014
0.01711696434034917
0.017069152991348317
0.017066016582495767
0.017051125454094932
0.016959891529625067
0.016911621241214758
0.016886237246463206
0.016817886970770104
0.01674430356242758
0.016687940165404806
0.016612778182566464
0.01658373508395358
0.01656004044048554
0.016500372770454144
0.016470478928831817
0.016437625297323923
0.016426978970620537
0.01637287503414672
0.01630540341252788
0.016289795542633444
0.016253307228089237
0.01619555349694436
0.016129063757303302
0.01607974850583605
0.016065551816865368
0.01603609545569848
0.01597837924026801
0.01593245730134787
0.015902141971535947
0.015879718722528316
0.015860256034513468
0.01578170506017978
0.015765996152847826
0.015733831135758814
0.015690330606968547
0.015681725785641257
0.015658615714266987
0.01557393614891942
0.015531503521493446
0.015468934346026357
0.015428692296096875
0.01540905032570512
0.01531008393569228
0.015265600091221982
0.015219773521677079
0.015209847004941063
0.015155987503052047
0.015120833602040657
0.015061900776452843
0.014991835194035585
0.014960354999909994
0.014924537496099193
0.014889420278417774
0.014857196930442377
0.014807314332712181
0.014779338843525534
0.014758959273316292
0.014708477444374554
0.01468278489476881
0.014645546831835124
0.014525158306993925
0.014503288603801838
0.014456181874179116
0.014444127984599714
0.014385475298017585
0.014356413796212601
0.01428637407496876
0.014278812217937448
0.014209337323071402
0.014188805386312656
0.014144259065130886
0.014114528864681163
0.014066592355527732
0.014052979166127163
0.013986494263683777
0.013966395600556035
0.013923392362820206
0.01387337593535913
0.013779219535444283
0.013749643627350993
0.01373107865966253
0.013687019388716776
0.013655956047266743
0.01359629625600911
0.013556919149434703
0.013514269308762924
0.013484797428566297
0.013443069753767184
0.013387300849378385
0.01335042051920739
0.013334058167353962
0.01328640053760712
0.013241052088907343
0.013221965263078946
0.013173558316648397
0.01311891673804255
0.013051898135039224
0.013043859430412664
0.01301107004206523
0.012987438400183684
0.012880250369972368
0.01285924863929961
0.012789149561163705
0.012765593267779622
0.01269965003611772
0.012672761173103116
0.012650260536961697
0.01262474057905869
0.01259431823398817
0.012531934656463238
0.012463449484155613
0.012407289100472545
0.012351965381362545
0.012295783783146379
0.01226297167255058
0.01223025489802751
0.012212272911904966
0.012138743100153235
0.012106353080619829
0.012005661258981943
0.011982001080543864
0.011943840292797365
0.011924185765602882
0.011826169188052198
0.011804393103265328
0.011761784304197538
0.011719949512993112
0.011664794897383797
0.01163350396417545
0.011586754177472769
0.0115172293585133
0.011462589820470534
0.01139171786471027
0.011293641575179826
0.011261769117597659
0.011229028874137218
0.011153568615881026
0.010950842126620598
0.010932500042618433
0.01080075054886893
0.01070488547060814
0.01055260639202141
0.010384588325018868
0.010291332446239773
7.625498045700772e-16
