20.921321348213507
7.188004589092657
5.022382245196414
4.059955988112659
2.896043774179756
2.4443353550694633
2.314047349073198
1.73293293700227
1.546590571351833
1.442847314166207
1.2445540987980157
1.1553351546818198
1.1125202650901849
1.0297010720699482
0.9316818353262148
0.9129935768743723
0.821808770083516
0.802821123064659
0.711189645273859
0.6932344669451569
0.6391234968745827
0.6303496604786363
0.5895022553293304
0.5331612436009514
0.5179741706190139
0.4966709946230499
0.4806916329431665
0.47106416346095226
0.43189727223242175
0.4188357295141285
0.40257049650344945
0.38418865637499827
0.3731740936320492
0.3583534096199468
0.34780953445689566
0.3214406616087177
0.30867569140179046
0.3002248245350719
0.29283765619312796
0.26924366719303844
0.2683923237494008
0.2662817587287979
0.2562080149475918
0.24502632934617394
0.2424091508162408
0.23772561495751088
0.23661746959201468
0.22863082482804944
0.22363034965423842
0.21459449404267425
0.21333010954309958
0.2073391962830953
0.20298630258165928
0.19814599644055314
0.19665810179885343
0.19215509895420954
0.19016718987334572
0.18393845974140388
0.18184265663664093
0.17808862604323167
0.17475384365111463
0.17293148775822892
0.16898149103865961
0.16562052421865583
0.16082814332768997
0.15995913956503025
0.1573601832607291
0.15552144943535534
0.1524480845681489
0.15072959750608472
0.14956423434239277
0.14855281731024178
0.146759329604981
0.1443838168519427
0.1432010522944213
0.13930257613161934
0.13776959586742413
0.13636018474738024
0.1340912140619532
0.12986985148327262
0.12908873815705937
0.12736281580354114
0.126572605902082
0.12497370953480423
0.12280107106425193
0.12148139939450098
0.119923762365972
0.11849845774316134
0.11740582911063414
0.11611168350455262
0.11521142102491108
0.11386460894151279
0.11174600610999944
0.11066229030657053
0.10943488029909341
0.10791796975950228
0.10735241430747669
0.10575442297772965
0.10543800392601388
0.10491675534809503
0.10433229429952447
0.10279492241951822
0.10092753660419
0.10046346810549774
0.09953066785778793
0.0990124453539279
0.09834863271854734
0.09757154579216355
0.09697557174871406
0.09574143071931644
0.09472590872542355
0.09315602418109685
0.09307133277814174
0.0924474420311669
0.09102333507585446
0.0903472184433545
0.08924005121613196
0.08892936747256844
0.08800939844188099
0.08753709347454885
0.08691634221681634
0.0853768364477804
0.08506468667952007
0.08425056929792629
0.08333695944245549
0.08299718663611766
0.0824230988030834
0.08182101982051944
0.08071218456086902
0.08042667672337458
0.07992923500478459
0.0787291503360537
0.07829470802386504
0.0772492664775419
0.07701927613623265
0.07608749828027045
0.07560549502939651
0.07446840620897525
0.07430280811773163
0.07414177379451088
0.07373662938099393
0.07297175574461845
0.07228045097377916
0.07175611296766413
0.0716753242299285
0.07128843473294602
0.07050409820479851
0.07025393275129135
0.06967083758260496
0.06940253804820357
0.0685154919757327
0.06826902536776736
0.06772863975000165
0.06754140971573233
0.06682241007242504
0.06617876608962363
0.06596545007939347
0.06575897522240054
0.06567524615844594
0.06544168878354076
0.06429283750327675
0.0640734842674396
0.06385499337206858
0.06334419214325265
0.06304133111327713
0.06248483565108357
0.06236231040789053
0.0619386954351865
0.061648944543395055
0.06104123578333804
0.06077886388996599
0.06063719606116869
0.06002603260883515
0.05960505834255659
0.0593999072593781
0.05886972822916196
0.05855126567470319
0.058433114977868836
0.05822348678020573
0.057812416494079796
0.057249741850828054
0.0570038053475396
0.05673787972409059
0.0564594362133479
0.05579170429197035
0.05567780090358631
0.05526144851810419
0.05475052093057206
0.05457719697958461
0.05413835992257069
0.05400193316208443
0.05352565033983263
0.05333189354557621
0.05296212557863339
0.05293595688384855
0.05253160267212202
0.05228962506523337
0.052117336413953
0.05161175036945823
0.05145023159894325
0.05116559695497083
0.05098161555202753
0.05047213788693333
0.0504010439284878
0.050073657095021866
0.049734543733772195
0.04937226556477501
0.049316658126201424
0.04913918427447803
0.04870515455052927
0.04858755615790986
0.04835452552018213
0.04827851214781839
0.04780923456642011
0.04765422168511223
0.04726556571843953
0.04712997988634569
0.0469395490302832
0.046739283924092184
0.046206535188294165
0.04609306933807057
0.045701502353279924
0.04550345942326014
0.04526718573796522
0.045025736893645224
0.04500347442910141
0.0447510891751251
0.04446328011204105
0.04436236745648284
0.04426019005000602
0.043966475691714565
0.04378425744555253
0.04342873139707438
0.0431495258754139
0.04309062223312965
0.0429107071006057
0.04278921558101131
0.042506215936942385
0.0422080019629558
0.04205227823518513
0.0417572595536054
0.04166230079525079
0.04153916191645598
0.041194500226395064
0.041163235288761896
0.040933504676145434
0.04076210308374227
0.040512351672372854
0.040310886778560304
0.040170017608296804
0.03987573968534738
0.039777787472955795
0.03965896362158367
0.03950627300451259
0.03940529353124915
0.03918861126162168
0.039122514973433935
0.03878557400993361
0.03862501207312946
0.03849648821605799
0.038306170844812665
0.03802426710969684
0.037758207182852846
0.037710296272635196
0.03756084621692383
0.03750207271422719
0.03728261938761921
0.03698998165472408
0.03676077226035647
0.03670798450929321
0.03649253626987293
0.03639767517994643
0.0362328803732645
0.03613577386039521
0.03599060604429085
0.03582915624700685
0.035663763986237815
0.03542079785077802
0.03526521613002546
0.03507512526973516
0.03496056893404494
0.03472598566655072
0.03459420123943309
0.034485999615120666
0.03442539441188559
0.0342563589536017
0.03416734252603228
0.03393444067994781
0.033743771112306524
0.03357634465946312
0.033513698076750476
0.033394610836068025
0.033246705106575215
0.03321135692543304
0.03304233753743546
0.03294427093020099
0.032897855874296986
0.03273126832978722
0.03262388207536808
0.032507906353467036
0.03237437698009365
0.03213384091523194
0.032014413769453
0.03197198067881484
0.03182018780723599
0.03172881844029885
0.03151425520694923
0.0313834750870236
0.03127314787460156
0.03118990327675164
0.031050589963275425
0.03087188616721971
0.030806846410974236
0.030683537877839718
0.030503395471302035
0.03046698691270611
0.03030871438625244
0.03021863369064717
0.03019088392503058
0.030004346689829965
0.029873827316080306
0.02981650193270862
0.029670184445081873
0.029621970249600556
0.029500265118285945
0.029437121768898303
0.02937638550941766
0.02914847103004487
0.02900101578752636
0.028971143633826177
0.028844426280450614
0.028719349083701343
0.02863528281064569
0.028550453879827287
0.028416833354010178
0.028257043207117635
0.028131273476442783
0.02810682318126789
0.028033467193615966
0.027771491102627378
0.02767724722808998
0.027568608009473892
0.027380645276277548
0.02730817743299426
0.027201122201997566
0.027094728462759874
0.026998439490100896
0.026941331155362777
0.026850595691268075
0.026764102630082696
0.026659055304386548
0.026538624316920313
0.02645450020049291
0.02634548224239215
0.026255425956991044
0.026182488351292575
0.026138797657207426
0.02601187711273412
0.02594852596848169
0.02584084821967397
0.025751043153763496
0.02563451306412249
0.025568088472000507
0.025490784029941926
0.025294380608819413
0.02522994575453263
0.025185370314795723
0.025101084609727892
0.025001114921677895
0.024899436434251004
0.024882744498236863
0.02479331171537952
0.024622264702758065
0.02454457961035702
0.024402887516018282
0.02433461259446908
0.02429422203928496
0.0241448832570413
0.024127644308527426
0.024012996840675687
0.023948116410664955
0.023895453701355818
0.023798946363944248
0.02367578064352071
0.02359610821220697
0.02350194341787014
0.023408010977743737
0.023381270360793346
0.023259013188192273
0.023203597351156333
0.02309593250830776
0.022994390442019255
0.02295640039070446
0.022854058209564095
0.022813459853055648
0.022747749039422623
0.022680805635265554
0.02258093632379529
0.02251765601023406
0.022495069807925813
0.022406598784736317
0.02237099308278225
0.022328999214327305
0.022232667161736924
0.02211543470159441
0.0220337426770672
0.021942296687054275
0.0218791103393294
0.0218156331799304
0.021749081039605416
0.021688260650806167
0.0216402970467514
0.02158209838746495
0.021447669914796942
0.021363164779219627
0.02132472780126618
0.021216452543262244
0.021194565054623152
0.02114363369726863
0.02104893588713964
0.020928539871056914
0.02085234894081058
0.02082615869711881
0.020761279340446803
0.02071426979594876
0.02062639361974876
0.02057941972677064
0.020536640329047815
0.020369982902725414
0.020351259499180298
0.020311995067017013
0.020227328931705358
0.020148608328781483
0.020093708385534557
0.020044221194472786
0.01993924142979047
0.019884773112255675
0.019768689356329538
0.019671000062577243
0.019559992146733648
0.019531161991069447
0.01949161807221265
0.019391350617449336
0.019381116109426583
0.019338760777557168
0.019224613001897185
0.01920106174670461
0.019179362955288624
0.019078036460525933
0.018950259084916356
0.018884385388452274
0.01886826668070617
0.01873553951286489
0.018712157437821387
0.018701994400397673
0.018666543370799774
0.018507314832638937
0.01845164475164096
0.018424192261006056
0.018387295021125426
0.01827406640135182
0.018240956309797433
0.018151472723627826
0.018071891686021628
0.01804008271842905
0.01796386635832445
0.017950889517834853
0.017876499653176253
0.017779062550593493
0.017737028371827935
0.017695830841958415
0.01766613602983441
0.017560351099844846
0.017454638351081617
0.017418146971159343
0.01732992126318862
0.01731211264770789
0.017286184676037868
0.017214525196969168
0.01718400407733426
0.017117167471084403
0.01700283349763943
0.016978447392878453
0.016896570559425526
0.016860874228977946
0.01684621176016208
0.016744060808126664
0.016647421614410438
0.016552048731108247
0.016507941750858218
0.01646451822566932
0.01638833103945874
0.01631417072400586
0.01622073673169804
0.016179418281896313
0.0161420588597936
0.016015686457979024
0.015943440601858296
0.015925388693434593
0.01591020262441832
0.01586918311699717
0.015766226358335324
0.015679856533287243
0.01563106710982715
0.015515618385732725
0.015471634484638069
0.015371670629660933
0.015337060957384957
0.015263986890762752
0.01521072006183792
0.015165523426798088
0.015141829009854037
0.015030945413621183
0.014987925170213655
0.014921072675411755
0.014749329330203776
0.014713415860193618
0.014585187280540484
0.014505894684799615
0.01442931340516089
0.014389379353220922
0.014331143315882297
0.014190733096577625
0.014172474813589735
0.014082324351666915
0.014004014443060224
0.013830332305373557
0.013746548676658454
0.01364428999355124
0.013607578266980828
0.013483035662678578
0.013433246497532525
0.013288207545905222
0.013033705161780856
0.01295522303242231
1.374149019556133e-15
